logs/hercules/10755_hercules.log logs/hercules/10756_hercules.log logs/hercules/10757_hercules.log logs/hercules/10758_hercules.log logs/hercules/10759_hercules.log
1 write 1947.12 1325.19 1805.55 240.53 121.70 82.82 112.85 15.03 9.27978 NA NA 0 16 8 5 1 0 1 0 0 1 1073741824 16777216 16384.0 POSIX 0
1 read 11325.59 11004.02 11133.04 124.33 707.85 687.75 695.82 7.77 1.47184 NA NA 0 16 8 5 1 0 1 0 0 1 1073741824 16777216 16384.0 POSIX 0
2 write 3975.66 2613.13 3697.21 542.14 248.48 163.32 231.08 33.88 4.55704 NA NA 0 16 8 5 1 0 1 0 0 1 1073741824 16777216 16384.0 POSIX 0
2 read 12369.04 12085.83 12265.20 116.20 773.07 755.36 766.57 7.26 1.33593 NA NA 0 16 8 5 1 0 1 0 0 1 1073741824 16777216 16384.0 POSIX 0
4 write 8206.16 5074.43 7530.79 1229.81 512.89 317.15 470.67 76.86 2.25513 NA NA 0 16 8 5 1 0 1 0 0 1 1073741824 16777216 16384.0 POSIX 0
4 read 12607.84 12240.32 12392.93 152.38 787.99 765.02 774.56 9.52 1.32224 NA NA 0 16 8 5 1 0 1 0 0 1 1073741824 16777216 16384.0 POSIX 0
8 write 16294.56 10071.74 14877.25 2411.68 1018.41 629.48 929.83 150.73 1.14071 NA NA 0 16 8 5 1 0 1 0 0 1 1073741824 16777216 16384.0 POSIX 0
8 read 12335.36 12012.71 12190.12 112.85 770.96 750.79 761.88 7.05 1.34415 NA NA 0 16 8 5 1 0 1 0 0 1 1073741824 16777216 16384.0 POSIX 0
16 write 20002.00 16781.21 18806.77 1136.90 1250.13 1048.83 1175.42 71.06 0.87455 NA NA 0 16 8 5 1 0 1 0 0 1 1073741824 16777216 16384.0 POSIX 0
16 read 12167.83 11920.72 12032.30 95.56 760.49 745.04 752.02 5.97 1.36175 NA NA 0 16 8 5 1 0 1 0 0 1 1073741824 16777216 16384.0 POSIX 0
